image_width: 640
image_height: 480
camera_name: narrow_stereo
camera_matrix:
  rows: 3
  cols: 3
  data: [530.13826,   0.     , 299.62091,
           0.     , 530.03426, 240.2534 ,
           0.     ,   0.     ,   1.     ]
distortion_model: plumb_bob
distortion_coefficients:
  rows: 1
  cols: 5
  data: [-0.093228, 0.179088, -0.000374, -0.002427, 0.000000]
rectification_matrix:
  rows: 3
  cols: 3
  data: [1., 0., 0.,
         0., 1., 0.,
         0., 0., 1.]
projection_matrix:
  rows: 3
  cols: 4
  data: [532.72186,   0.     , 299.50227,   0.     ,
           0.     , 533.44384, 240.03553,   0.     ,
           0.     ,   0.     ,   1.     ,   0.     ]
