image_width: 640
image_height: 480
camera_name: narrow_stereo
camera_matrix:
  rows: 3
  cols: 3
  data: [537.64059,   0.     , 302.86244,
           0.     , 537.74255, 235.24022,
           0.     ,   0.     ,   1.     ]
distortion_model: plumb_bob
distortion_coefficients:
  rows: 1
  cols: 5
  data: [-0.104527, 0.121844, -0.000612, 0.004247, 0.000000]
rectification_matrix:
  rows: 3
  cols: 3
  data: [1., 0., 0.,
         0., 1., 0.,
         0., 0., 1.]
projection_matrix:
  rows: 3
  cols: 4
  data: [527.65832,   0.     , 306.04607,   0.     ,
           0.     , 530.52665, 234.98838,   0.     ,
           0.     ,   0.     ,   1.     ,   0.     ]
