image_width: 640
image_height: 480
camera_name: narrow_stereo/right
camera_matrix:
  rows: 3
  cols: 3
  data: [522.23667,   0.     , 307.76428,
           0.     , 522.15153, 236.17569,
           0.     ,   0.     ,   1.     ]
distortion_model: plumb_bob
distortion_coefficients:
  rows: 1
  cols: 5
  data: [-0.088304, 0.157171, -0.000788, 0.000681, 0.000000]
rectification_matrix:
  rows: 3
  cols: 3
  data: [ 0.99958998, -0.00135387, -0.02860136,
          0.00135479,  0.99999908,  0.0000128 ,
          0.02860132, -0.00005155,  0.9995909 ]
projection_matrix:
  rows: 3
  cols: 4
  data: [ 564.82771,    0.     ,  312.69011, -190.8453 ,
            0.     ,  564.82771,  234.02361,    0.     ,
            0.     ,    0.     ,    1.     ,    0.     ]
